3.0214679776085e-07 2.1640155311902 0.0308046534046462
3.09307380933736e-07 2.14057077285564 0.0235519475808795
3.1761751354913e-07 2.11882969401396 0.0181230690609827
3.24830754025584e-07 2.10332106105353 0.0142735235575927
3.32043994502038e-07 2.08881086535895 0.012493403002698
3.39257234978492e-07 2.07629754419609 0.0105490067745684
3.46470475454946e-07 2.06428344166615 0.00823871872270917
3.53683715931401e-07 2.05326777640208 0.00820586338306469
3.60896956407855e-07 2.04325054840386 0.00817300804342029
3.68110196884309e-07 2.03473097630443 0.00791827775580793
3.75323437360763e-07 2.02521296693914 0.00678778432282856
3.82536677837217e-07 2.01769183210556 0.00681361221571593
3.89749918313671e-07 2.01017069727199 0.00643620780761256
3.96963158790125e-07 2.00215034380548 0.00468060712567368
4.04176399266579e-07 1.99562764623776 0.00453681431204545
4.11389639743033e-07 1.98910494867005 0.00394927160248041
4.18602880219487e-07 1.98308146973526 0.0039164162628363
4.25816120695941e-07 1.97705799080047 0.00388356092319183
4.33029361172395e-07 1.97053529323275 0.00385070558354742
4.40242601648849e-07 1.96501103293089 0.00381785024390332
4.47455842125303e-07 1.95998599126196 0.00378499490425891
4.54669082601758e-07 1.9544617309601 0.00375213956461481
4.61882323078212e-07 1.94893747065824 0.00371928422497033
4.69095563554666e-07 1.94441164762223 0.00368642888532592
4.7630880403112e-07 1.9393866059533 0.00365357354568182
4.83522044507574e-07 1.9348607829173 0.00362071820603741
4.90735284984028e-07 1.92983574124837 0.00369880034037743
4.97948525460482e-07 1.92481069957944 0.00436808091202494
5.05161765936936e-07 1.92028487654343 0.00470008379289124
5.1237500641339e-07 1.91625827214036 0.00348929684746032
5.19588246889844e-07 1.91173244910436 0.00345644150781591
5.26801487366298e-07 1.90670740743542 0.0038790727106148
5.34014727842752e-07 1.90268080303235 0.00566816354074247
5.41227968319206e-07 1.89865419862928 0.00335787548888293
5.4844120879566e-07 1.89362915696034 0.00332502014923882
5.55654449272115e-07 1.88960255255727 0.00329216480959442
5.62867689748569e-07 1.8855759481542 0.00325930946995031
5.70080930225023e-07 1.88105012511819 0.00322645413030583
5.77294170701477e-07 1.87652430208219 0.00319359879066143
5.84507411177931e-07 1.87299691631204 0.00316074345101732
5.91720651654385e-07 1.86897031190897 0.00290337946222878
5.98933892130839e-07 1.86394527024004 0.00182890210350472
6.06147132607293e-07 1.86091710310282 0.00361686480200497
6.13360373083747e-07 1.85689049869975 0.00302932209243993
6.20573613560201e-07 1.85186545703082 0.00321834170076406
6.2658464729058e-07 1.85133885894818 0.0043003369909016
6.3400365630713e-07 1.84593207444332 0.00427408515883402
6.42213334989564e-07 1.84527704878381 0.00689164979729269
6.49426575466018e-07 1.84125044438074 0.00685879445764829
6.56639815942472e-07 1.83772305861059 0.00682593911800418
6.63853056418926e-07 1.83319723557459 0.00679308377835978
6.7106629689538e-07 1.82817219390566 0.00676022843871567
6.78279537371834e-07 1.82514402676844 0.0067273730990712
6.85492777848288e-07 1.82061820373244 0.00669451775942679
6.92706018324742e-07 1.81609238069643 0.00648603434439226
6.99919258801196e-07 1.81206577629336 0.00567430667040768
7.0713249927765e-07 1.80803917189028 0.00659595174049417
7.14345739754104e-07 1.80301413022135 0.00656309640084977
7.21558980230558e-07 1.79848830718535 0.00653024106120566
7.28772220707012e-07 1.7949609214152 0.00649738572156118
7.35985461183467e-07 1.7904350983792 0.00692001692435982
7.43198701659921e-07 1.78541005671027 0.0091645942969308
7.50411942136375e-07 1.78088423367427 0.0091317389572864
7.57625182612829e-07 1.77735684790412 0.00909888361764229
7.64838423089283e-07 1.77233180623519 0.00906602827799781
7.72051663565737e-07 1.76730676456626 0.00903317293835341
7.79264904042191e-07 1.76278094153026 0.00854483105626627
7.86478144518645e-07 1.75875433712718 0.00669002954684981
7.93691384995099e-07 1.75422851409118 0.00935275298460308
8.00904625471553e-07 1.74920347242225 0.0115749036441046
8.08117865948007e-07 1.74467764938624 0.0123634266706331
8.15331106424461e-07 1.73965260771731 0.012330571330989
8.22544346900915e-07 1.73562600331424 0.0122977159913446
8.29757587377369e-07 1.73060096164531 0.0122648606517005
8.36970827853824e-07 1.72507670134345 0.012232005312056
8.44184068330278e-07 1.72055087830744 0.0121991499724116
8.51397308806732e-07 1.71602505527144 0.0121662946327675
8.58610549283186e-07 1.71050079496958 0.0125473242828221
8.6582378975964e-07 1.70597497193358 0.0148313726703957
8.73037030236094e-07 1.70094993026465 0.0160359112243647
8.80250270712548e-07 1.69542566996278 0.0163358683066729
8.87463511189002e-07 1.69040062829385 0.0181772133782533
8.94676751665456e-07 1.68537558662492 0.0189554246021128
8.99685946440771e-07 1.68183267353343 0.0179341711281686
