2.47193616591762e-07 2.01180101849092 1.4019074088703
2.50342651324387e-07 2.0436823759605 1.39397760914762
2.53192377026247e-07 2.07436106755817 1.38680151996505
2.55182481751825e-07 2.09851632047478 1.38179010115233
2.58203801956711e-07 2.12182885441564 1.37418190811634
2.60527204921429e-07 2.1449224469698 1.36767901956683
2.63049968656701e-07 2.16894250579866 1.3575840549736
2.65386301738579e-07 2.19166202341925 1.34823510191478
2.68543609685611e-07 2.21069838760534 1.33560097708985
2.71786143074193e-07 2.23400152903217 1.32072216822487
2.7388901284544e-07 2.25590297124642 1.3106128913367
2.76050145415523e-07 2.27618948219054 1.300223523511
2.81083309427427e-07 2.30139427001672 1.27662087964612
2.84306463094593e-07 2.32231508717067 1.26259295295778
2.96710051459677e-07 2.35420404660813 1.21719086556892
3.1180458780905e-07 2.37970025786221 1.1871509696107
3.24418406485407e-07 2.4028141448434 1.18904612455152
3.37032225161763e-07 2.42715872131445 1.21498057585671
3.44852792741104e-07 2.45937885587504 1.23636885051206
3.53284671532847e-07 2.486646884273 1.26602153578121
3.58447497317226e-07 2.51525130406864 1.28796976872142
3.62512138888003e-07 2.5460536716209 1.30646023409791
3.65408897247102e-07 2.56847463923047 1.31963788068994
3.68538552258311e-07 2.58800300047368 1.33385742304591
3.70547923373601e-07 2.6070179985228 1.34297438936365
3.72930155795677e-07 2.63023596335506 1.35378311085258
3.76387339431996e-07 2.65445168647066 1.36417131250792
3.79109463937819e-07 2.68256443904663 1.36954042725889
3.80358482346816e-07 2.71862179777902 1.37200398950582
3.8395563063781e-07 2.74910396122996 1.37865792069991
3.86758890340951e-07 2.77313412722066 1.38216647454499
3.88440355058785e-07 2.79739114284357 1.38427099218727
3.90356038631945e-07 2.82132092830394 1.3866686576476
3.91944382466169e-07 2.8532275968711 1.38865662539124
3.9530806744653e-07 2.88766278361603 1.38260729272516
3.95787924184953e-07 2.91026348122224 1.38162433611242
3.99466207673265e-07 2.94289453565366 1.37408960170348
4.02876358652344e-07 2.98712243919506 1.36655299858189
4.04558201142525e-07 3.01596672411336 1.35934905273236
4.05586119699529e-07 3.03683412592487 1.35494610200088
4.08650495649125e-07 3.06346364661216 1.34182026023367
4.10538148514115e-07 3.0860119471836 1.33373475335565
4.12126492348339e-07 3.11517672415655 1.3176693627293
4.15490177328701e-07 3.14865043473754 1.28488444598205
4.1874155059021e-07 3.18668643178314 1.25414881597401
4.22217547289424e-07 3.21595376621357 1.21971681903357
4.2431985040215e-07 3.24864395578765 1.19303942474334
4.2489320579653e-07 3.28255784229765 1.18576377175509
4.31888141607964e-07 3.31017843028002 1.11412092006351
4.34984260737616e-07 3.3495115460777 1.08187715765434
4.43240578416685e-07 3.38225353234748 0.976208601813895
4.57230450039553e-07 3.38552319876358 0.823089410460727
4.71351374323994e-07 3.38712399414303 0.690670716837356
4.75676112155888e-07 3.36759229264121 0.661711777252149
4.8410935092808e-07 3.34656068832364 0.596675878786182
4.98053354119398e-07 3.33919752904631 0.5404207383309
5.12960594373274e-07 3.34147010907018 0.484179644805633
5.21306289555421e-07 3.35319520212164 0.450060333879103
5.28734238334213e-07 3.36596541392571 0.408409594687702
5.41880640465793e-07 3.37017454291008 0.321322032077867
5.55157789606774e-07 3.35575240045093 0.213779988458201
5.5942767489384e-07 3.33293336616001 0.180820321696741
5.64870429987569e-07 3.30706205538206 0.137965238342088
5.71995027571479e-07 3.28037266919778 0.0994079519434791
5.78594796336166e-07 3.24654618961177 0.0665296342990459
5.833474643802e-07 3.22036981845982 0.051448202908938
5.88934604065066e-07 3.19349368302386 0.034535576217643
5.93438519321285e-07 3.16994544724191 0.0275089316486762
5.99944789430015e-07 3.14393046084182 0.0173583748724087
6.07948830735558e-07 3.09823062470035 0.00818536006683577
6.18959016100507e-07 3.05952764921316 0.00155531424652916
6.28383216991256e-07 3.02721936428544 0
6.37973242770999e-07 2.99987847845985 0
6.50587061447355e-07 2.97257524122308 0
6.61366142861696e-07 2.95242862847699 0
6.74260457505924e-07 2.93375040493437 0
6.87037473836313e-07 2.91400554598111 0
6.99114100234809e-07 2.89702817767296 0
7.11914916223079e-07 2.88032688461854 0
7.27051498634707e-07 2.86494326599545 0
7.45611831829917e-07 2.8472756015705 0
7.63271177976816e-07 2.83161727547199 0
7.83813682678311e-07 2.81627317844324 0
8.03995792560482e-07 2.80521620255789 0
8.21294743888057e-07 2.79508118124214 0
8.44360012324823e-07 2.78371652722527 0
8.67064885942265e-07 2.7743154269556 0
8.84363837269839e-07 2.76623689632384 0
9.02023183416738e-07 2.75909450196312 0
9.15249673285946e-07 2.75579127415029 0
9.27358939215249e-07 2.75031422906975 0
9.40225034265132e-07 2.74511551967657 0
9.50316089206218e-07 2.74062834295817 0
9.62929907882574e-07 2.73708550918067 0
9.77272601706351e-07 2.73535822113952 0
9.9320307270583e-07 2.73222413711186 0
1.00650491785544e-06 2.72874757186628 0
1.02026544732056e-06 2.72688917343913 0
1.03356729247017e-06 2.72300156790587 0
1.05267501779662e-06 2.71824731447527 0
1.06781160020825e-06 2.71488214790147 0
1.08438296199492e-06 2.71270003757791 0
1.10204230814182e-06 2.70912884039755 0
1.12060264133703e-06 2.7063891084533 0
1.13573922374866e-06 2.70334443393415 0
1.14997481911198e-06 2.701437031086 0
1.16853515230719e-06 2.69885754516908 0
1.18367173471881e-06 2.6956526246226 0
1.19880831713044e-06 2.69485139448598 0
1.21268351767443e-06 2.69305326992601 0
1.22511033903888e-06 2.69006172279597 0
1.23630575992288e-06 2.68819075913267 0
1.24611013716678e-06 2.68589532608555 0
