6.1992E-08	0.66415	0.0092039
6.463E-08	0.62647	0.011074
6.7381E-08	0.58276	0.013512
7.0249E-08	0.53121	0.016828
7.3239E-08	0.46884	0.021649
7.6355E-08	0.39013	0.029549
7.9605E-08	0.282	0.046438
8.2993E-08	0.11588	0.12841
8.6525E-08	0.055295	0.3059
9.0208E-08	0.044408	0.43313
9.4047E-08	0.040584	0.53919
9.8049E-08	0.039232	0.63492
1.0222E-07	0.039141	0.72492
1.0657E-07	0.039857	0.81159
1.1111E-07	0.041181	0.89644
1.1584E-07	0.043024	0.98045
1.2077E-07	0.04535	1.0643
1.2591E-07	0.048158	1.1487
1.3127E-07	0.051461	1.2338
1.3685E-07	0.055281	1.3202
1.4268E-07	0.05964	1.408
1.4875E-07	0.064557	1.4975
1.5508E-07	0.07004	1.589
1.6168E-07	0.076091	1.6826
1.6856E-07	0.082703	1.7786
1.7573E-07	0.089866	1.8771
1.8321E-07	0.097571	1.9783
1.9101E-07	0.10582	2.0826
1.9914E-07	0.11461	2.1901
2.0762E-07	0.12398	2.3011
2.1645E-07	0.13398	2.4159
2.2566E-07	0.14468	2.5347
2.3527E-07	0.15617	2.6578
2.4528E-07	0.1686	2.7856
2.5572E-07	0.1821	2.9182
2.666E-07	0.19687	3.056
2.7795E-07	0.21312	3.1992
2.8978E-07	0.23109	3.3482
3.0211E-07	0.25107	3.503
3.1497E-07	0.27336	3.664
3.2837E-07	0.29832	3.8313
3.4235E-07	0.32634	4.0052
3.5692E-07	0.35785	4.1856
3.7211E-07	0.3933	4.3726
3.8795E-07	0.43317	4.5661
4.0446E-07	0.4779	4.7659
4.2167E-07	0.52788	4.9717
4.3962E-07	0.58336	5.183
4.5833E-07	0.64439	5.3994
4.7783E-07	0.71074	5.6203
4.9817E-07	0.78186	5.8455
5.1937E-07	0.85697	6.075
5.4147E-07	0.93525	6.3099
5.6452E-07	1.0162	6.5519
5.8855E-07	1.1005	6.8042
6.1359E-07	1.1911	7.0711
6.3971E-07	1.2952	7.3576
6.6693E-07	1.4286	7.6672
6.9532E-07	1.6203	7.9931
7.2491E-07	1.9115	8.2933
7.5576E-07	2.3052	8.4555
7.8793E-07	2.6523	8.3611
8.2146E-07	2.7061	8.1106
8.5642E-07	2.4465	7.9982
8.9287E-07	2.0948	8.1553
9.3087E-07	1.8089	8.499
9.7049E-07	1.612	8.9296
1.0118E-06	1.4821	9.3982
1.0549E-06	1.3974	9.8877
1.0997E-06	1.344	10.393
1.1465E-06	1.3136	10.915
1.1953E-06	1.3012	11.452
1.2462E-06	1.3039	12.007
1.2993E-06	1.3197	12.581
1.3546E-06	1.3476	13.173
1.4122E-06	1.3868	13.786
1.4723E-06	1.437	14.421
0.000001535	1.4979	15.077
1.6003E-06	1.5694	15.757
1.6684E-06	1.6518	16.46
1.7394E-06	1.7451	17.188
1.8134E-06	1.8497	17.942
1.8906E-06	1.9659	18.723
1.9711E-06	2.0942	19.531
0.000002055	2.2349	20.367
2.1424E-06	2.3887	21.233
2.2336E-06	2.5562	22.128
2.3287E-06	2.7379	23.054
2.4278E-06	2.9346	24.012
2.5311E-06	3.1468	25.002
2.6388E-06	3.3754	26.025
2.7511E-06	3.6209	27.082
2.8682E-06	3.8841	28.173
2.9903E-06	4.1657	29.3
3.1175E-06	4.4664	30.463
3.2502E-06	4.7867	31.662
3.3885E-06	5.1273	32.898
3.5328E-06	5.4887	34.172
3.6831E-06	5.8714	35.484
3.8399E-06	6.2757	36.836
4.0033E-06	6.7019	38.228
4.1737E-06	7.1501	39.66
4.3513E-06	7.6206	41.135
4.5365E-06	8.1133	42.652
4.7296E-06	8.6281	44.214
4.9308E-06	9.1649	45.821
5.1407E-06	9.7236	47.476
5.3595E-06	10.304	49.18
5.5876E-06	10.906	50.936
5.8254E-06	11.53	52.747
6.0733E-06	12.175	54.615
6.3318E-06	12.843	56.545
6.6013E-06	13.534	58.539
6.8822E-06	14.25	60.601
7.1751E-06	14.991	62.736
7.4805E-06	15.76	64.948
7.7988E-06	16.56	67.242
8.1307E-06	17.394	69.62
8.4768E-06	18.266	72.089
8.8376E-06	19.179	74.651
9.2137E-06	20.14	77.311
9.6058E-06	21.153	80.072
0.000010015	22.224	82.936
0.000010441	23.359	85.906
0.000010885	24.565	88.985
0.000011348	25.849	92.173
0.000011831	27.217	95.47
0.000012335	28.677	98.878
0.00001286	30.235	102.39
0.000013407	31.898	106.02
0.000013978	33.672	109.75
0.000014573	35.565	113.59
0.000015193	37.582	117.52
0.00001584	39.728	121.56
0.000016514	42.01	125.68
0.000017216	44.432	129.9
0.000017949	46.998	134.2
0.000018713	49.712	138.58
0.00001951	52.578	143.04
0.00002034	55.597	147.57
0.000021206	58.773	152.16
0.000022108	62.105	156.81
0.000023049	65.596	161.51
0.00002403	69.244	166.26
0.000025053	73.05	171.06
0.000026119	77.013	175.89
0.00002723	81.13	180.76
0.000028389	85.4	185.65
0.000029598	89.82	190.58
0.000030857	94.387	195.53
0.00003217	99.098	200.5
0.00003354	103.95	205.49
0.000034967	108.94	210.5
0.000036455	114.06	215.53
0.000038007	119.31	220.57
0.000039624	124.69	225.63
0.000041311	130.18	230.71
0.000043069	135.8	235.82
0.000044902	141.53	240.94
0.000046813	147.37	246.09
0.000048805	153.32	251.27
0.000050882	159.38	256.48
0.000053048	165.54	261.73
0.000055305	171.8	267.01
0.000057659	178.17	272.34
0.000060113	184.63	277.72
0.000062671	191.19	283.15
0.000065339	197.85	288.63
0.000068119	204.61	294.18
0.000071019	211.47	299.8
0.000074041	218.42	305.49
0.000077192	225.47	311.26
0.000080478	232.63	317.11
0.000083903	239.88	323.05
0.000087473	247.24	329.08
0.000091196	254.71	335.21
0.000095078	262.28	341.45
0.000099124	269.96	347.79
0.00010334	277.76	354.25
0.00010774	285.67	360.82
0.00011233	293.7	367.52
0.00011711	301.85	374.34
0.00012209	310.12	381.3
0.00012729	318.52	388.4
0.0001327	327.05	395.64
0.00013835	335.72	403.03
0.00014424	344.53	410.57
0.00015038	353.48	418.26
0.00015678	362.57	426.12
0.00016345	371.82	434.15
0.00017041	381.22	442.34
0.00017766	390.78	450.71
0.00018522	400.5	459.26
0.0001931	410.39	468
0.00020132	420.45	476.93
0.00020989	430.68	486.05
0.00021882	441.1	495.37
0.00022814	451.71	504.9
0.00023785	462.5	514.63
0.00024797	473.49	524.58
