4.143683918e-08 0.815229563 0.183842688662015
4.214035088e-08 0.803340908 0.192302148211983
4.309143519e-08 0.787493718 0.204460694082127
4.400827423e-08 0.771659582 0.229727404830087
4.512848485e-08 0.77147683 0.25645395857398
4.656785491e-08 0.767335544 0.272906086284797
4.773205128e-08 0.759327101 0.283536221089923
4.895595003e-08 0.747399284 0.305112647272844
5.012436459e-08 0.729911553 0.327627131506411
5.138854382e-08 0.719650385 0.3559600589691
5.225403509e-08 0.719545955 0.370118718660435
5.326323319e-08 0.719428472 0.379088554049375
5.431218089e-08 0.703633497 0.393628219186594
5.545541451e-08 0.683648998 0.418185455646441
5.631964843e-08 0.653052928 0.444003632601002
5.724943326e-08 0.64127069 0.4823237612869
5.821043318e-08 0.635722482 0.528243677388173
5.920424697e-08 0.642665437 0.565447421960622
6.023258451e-08 0.666018928 0.614792989346292
6.129727655e-08 0.686186091 0.66125328526769
6.247604171e-08 0.727340597 0.710140849702719
6.34799659e-08 0.773320665 0.733950076212284
6.463715278e-08 0.812423018 0.744059804818878
6.583731211e-08 0.83584788 0.742422770925944
6.744746377e-08 0.859246634 0.749481789389503
6.913927614e-08 0.880775116 0.773597044422502
7.042640829e-08 0.891910722 0.795377111939765
7.18863424e-08 0.916753407 0.822685353336483
7.340808648e-08 0.958739673 0.851574969737697
7.486073572e-08 1.014136887 0.866904029859074
7.637203765e-08 1.072339415 0.864327138956777
7.809189193e-08 1.122897471 0.835802570504503
7.989099101e-08 1.150857171 0.793012976941435
8.177494103e-08 1.162452543 0.758298971593289
8.37498897e-08 1.162359111 0.733518942107815
8.582259332e-08 1.165382693 0.723882263824388
8.800049401e-08 1.176198812 0.703463095923319
9.029180898e-08 1.18701493 0.668730278408085
9.270563415e-08 1.183804483 0.63098285921163
9.525206482e-08 1.152540904 0.589746885194723
9.794233681e-08 1.107250758 0.567538024543646
9.968139224e-08 1.053661889 0.571173815689628
1.021426612e-07 1.014389838 0.585731197261377
1.047669291e-07 0.976213069 0.60045577040714
1.07915942e-07 0.92015519 0.609377778432401
1.098259587e-07 0.865231754 0.61211279876216
1.118048048e-07 0.818147065 0.628936653756525
1.133263941e-07 0.760080012 0.643524387414764
1.143614648e-07 0.707797931 0.663636127376452
1.169323002e-07 0.64975917 0.762252828872741
1.20661946e-07 0.59772902 0.939673850763083
1.250117791e-07 0.609370601 1.15348063312717
1.296869617e-07 0.649798359 1.31387625994635
1.348949275e-07 0.739263566 1.44426194598427
1.394419476e-07 0.801895211 1.56519902445783
1.443062016e-07 0.872365601 1.69024456609686
1.504282828e-07 0.982016666 1.85255318003249
1.541656315e-07 1.091706892 1.93379619986486
1.580934183e-07 1.21707461 2.02400882818184
1.611731602e-07 1.350294128 2.07783082109996
1.649213732e-07 1.475668373 2.12089826326616
1.677072072e-07 1.569700688 2.13293570228945
1.700045662e-07 1.66373953 2.14286246708487
1.725275431e-07 1.765848501 2.14330206914912
1.754369848e-07 1.856990036 2.13255543125682
1.784462373e-07 1.938780527 2.12144012107755
1.815605262e-07 2.006544452 2.09803037102929
1.849182477e-07 2.095346967 2.07097796344271
1.869915014e-07 2.163901863 2.05360829636464
1.909967051e-07 2.234387986 2.01976594004042
1.945688516e-07 2.298645269 1.98908401975964
1.98277162e-07 2.361733672 1.95028356202776
2.021295731e-07 2.420146553 1.90913361351193
2.07160843e-07 2.486733812 1.86278677894748
2.113698613e-07 2.535795648 1.8197924818818
2.16877919e-07 2.596148878 1.7647549928933
2.238787492e-07 2.650494067 1.65802371457283
2.288025886e-07 2.699088352 1.59876072302769
2.435317959e-07 2.755732373 1.42704919667854
2.619262099e-07 2.790705355 1.30062501066651
2.83326384e-07 2.826457591 1.22409176757759
3.040262833e-07 2.884823756 1.1670085159719
3.20412898e-07 2.940875518 1.13520762742966
3.4144542e-07 2.993802479 1.06604120149468
3.591256988e-07 3.048303519 1.01183264641994
3.797243935e-07 3.106364638 0.918716815730332
4.125281816e-07 3.172867316 0.786411963593079
4.68229245e-07 3.209398806 0.58563274490411
5.413202899e-07 3.1937203 0.407751907992222
6.317138454e-07 3.145165075 0.227480927327284
6.950188928e-07 3.085271677 0.154871786044129
7.920270192e-07 3.023913291 0.0855206360994346
9.546410256e-07 2.951646771 0.0413431015582789
1.160001102e-06 2.887933633 0.0219189921338846
